# Created by Octave 4.2.2, Sun Jun 23 15:11:36 2019 IST <trent@trent>
# name: bst_theta2
# type: matrix
# rows: 2
# columns: 6
 -8.995765844034869 3.347643150946292 6.952025077976361 0.4147016216956086 3.616705697646529 6.199203978296028
 8.460065621533706 -3.188177923399856 -6.869424176981225 -0.3750803436559955 -3.832821760697962 -5.591112915345247


