# Created by Octave 4.2.2, Sun Jun 23 15:11:23 2019 IST <trent@trent>
# name: bst_theta1
# type: matrix
# rows: 5
# columns: 21
 -0.3148842093407406 0.6338645073917146 0.8945339243702332 1.055231874453137 0.752919542324656 1.28543473259295 1.044279395972641 0.866764436217125 0.7401402361929096 1.132543860616284 1.313646581712312 -2.787056999240724 -2.84242229542522 -2.887236091729597 -2.655174641138883 -2.363487664003294 -1.961431558569091 -1.838285385076734 -2.069434672430146 -1.857843163038358 -1.524248531558929
 -4.493724901169428 -1.067868837332307 0.2308549414122084 1.20221496061244 0.9514133585753555 1.922642930662747 1.534438580261223 2.2079621459996 2.817308764048437 4.905544681410445 5.193326761957845 -5.502072571529305 -3.833088202053954 -3.464874004240436 -2.366474075746786 -1.742101572666813 -0.9925160465847676 -0.5452435183845747 0.4253357590105067 1.00820748608177 1.482294764555948
 0.6654320727734386 1.660022253233655 2.393750913268339 2.834733169546368 2.985699680888457 3.17921010258341 2.870732245570614 3.202129900321969 2.567296404428285 2.528342035502703 2.628500849313815 -4.508531676131768 -5.239430984438142 -5.18136013469585 -5.106930539799714 -5.367708581695895 -5.04008665857411 -4.864868398639476 -4.705047896802054 -4.42571744431314 -4.716559583234174
 -1.337228136933013 1.397106463635549 2.890407313292851 3.540333901465116 3.817494600722799 4.590820482513568 4.500070390095652 4.867124882382317 4.3612812454297 5.060948338271805 5.433687541859705 -8.261518852858096 -8.664958439448599 -9.079865522289888 -8.542444058466412 -8.325928909083318 -7.924393188497086 -7.297721750779911 -7.178622390950205 -6.365441376503729 -6.293058920024327
 0.5844831202769472 3.067798705416783 4.098954069163084 4.60132058949326 5.026419106190619 5.185601976549518 5.278213058523307 5.436271087425947 5.038037369232821 5.642699830531458 5.786155278310884 -5.268798664230226 -5.463052864212975 -5.618274223105222 -5.43815767643023 -5.212357469425275 -5.108227641599358 -4.941942322363656 -4.384326358469483 -4.016358701103449 -3.993420713717338


