# Created by Octave 4.2.2, Mon Jun 24 16:47:44 2019 IST <trent@trent>
# name: cmpData
# type: matrix
# rows: 1
# columns: 6
 99.46666666666667 97 0.956081081081081 0.9433333333333334 0.9496644295302014 95.3


