# Created by Octave 4.2.2, Mon Jun 24 16:49:13 2019 IST <trent@trent>
# name: lambda
# type: scalar
0.03


