# Created by Octave 4.2.2, Mon Jun 24 16:48:13 2019 IST <trent@trent>
# name: Theta1
# type: matrix
# rows: 16
# columns: 51
 -0.674215159309984 -0.06834237447634749 -0.273051285856078 -0.07326395218643184 -0.1541337905233335 -0.720377643602925 -0.5407525435064271 -0.02527492157792766 -0.1691224264201304 -0.5523628703403938 -0.5512945297397204 -0.3308636277401827 0.2450404909062955 -0.1273151153995745 -0.3950101154661644 0.4171604307744426 -0.1512629761130015 0.3362743511637444 -0.3572120506261835 -0.4153598384289745 -0.4710274514554407 0.4596045594573281 -0.04691203510844295 0.2431884513395161 -0.1060819552702728 0.4972748967147207 1.109834375498584 1.817964944465849 1.852592911863305 1.803506103949739 2.00865830921014 1.755171541953394 1.618507630720505 1.264520468710814 1.102851976083626 1.790432305111207 1.692060251007703 1.369351983060847 1.442717591732222 1.107359093617904 1.595848982515605 1.078164535283096 1.055265345134064 1.238830805132312 1.856185068870438 1.591541425811554 1.584259156960189 1.650395993922876 1.800357608115579 1.103393676390163 1.453623340462266
 -0.06990654183528493 -1.244819355097458 -1.014466703052917 -1.475650525891386 -1.012535050344778 -0.6883247840128722 -1.026474394540025 -0.915646060132652 -0.5757310790435632 -0.8839499889777241 -0.9996796125209251 -0.7322651397689998 -0.06361895906087613 -0.4929409954272 -0.5642118216142724 -0.5323582567841305 -0.553482949520445 -0.5011890917853401 -0.6343968589456677 0.004788907132593038 -0.2733186108818925 -0.2604511135104842 -0.1133146407635739 -0.3039500405019216 -0.3513917471536553 -0.1776419263794629 -0.1918514156832283 0.6505730499190842 0.404103026224081 0.5470312873890523 0.8870924528149768 0.5567242953781802 0.8960750375028099 0.7815742735388221 0.2835299343818866 0.416155446601763 0.3650322887077775 0.7398133723831267 0.2139174484412475 0.5988930622383538 0.6557438186032093 0.4458612220601478 0.1132134218246675 0.5212191512625602 0.8447817232042643 0.5338523760934445 0.7233932593568814 0.6949380170758392 0.8687451361993023 0.5055473034371468 0.4121531896000971
 -0.5957418178274217 2.322062414797685 2.248214207591459 1.972053312238323 1.824502971832067 1.860749491015855 2.132967367757257 0.4818655383322328 -0.9461335578671823 1.405729490111074 1.109239038739215 0.08397005696317558 -0.3069400327039489 -0.6384789643791882 -0.591610155673581 -0.4802754370996013 -0.2141959453847743 -1.29010152415665 -0.6798870141277339 -0.3242407221255768 -0.1835328567578576 -0.2611105191562026 -0.931613211859382 -1.044077868970401 -1.079235597962911 -1.264252994916156 0.1733101416040736 0.2660408689459228 0.6864292765271096 -1.156773410856758 -1.829222462515766 -1.656077629598743 -1.313710695574206 -1.25126520699315 -0.6035290696658959 -0.4584103182323748 -0.7035320846941622 -1.143554541687799 -1.165664962063655 -0.7726515842312928 -0.7099172452290851 -0.007570479020257028 -0.747404351490928 -0.6298713346311213 -0.908090273344427 -0.1346164242539632 -0.4174813658799825 -0.4453201482636525 -0.5322305894450871 -0.5826537760887327 -0.2069540056479493
 -0.6780306527176883 0.05858628694776746 0.320909530273356 0.1402676768367881 0.5175185402042254 0.4446972080914213 0.629202513166538 -0.09711903567099404 0.2573366787469082 0.09764198188111221 0.02542989121141028 0.5121525587009041 0.6145880008817497 0.2156722679305456 0.4131102627376146 -0.07664875136308964 0.6484620840372557 0.6437821185611219 0.6248940019331076 0.1662376451890011 0.1672614565650596 0.1817005147825677 0.05851681803357533 -0.03446653844922394 0.3291430879276926 0.4985148861308893 0.6681555705041983 0.5255784950734466 0.3310698181253162 0.7842371222264827 0.5208453924289662 0.2538145902182813 0.8265144299568562 0.8142429684987668 0.5769143523122493 -0.00473978563144881 0.2818909752186926 0.876864354300306 0.1010289232570089 0.5549862855098325 0.09470463016164803 0.4708504138864558 0.4632354205774737 0.5661905900232316 0.1918243707655338 0.04983247012829372 0.7398264277343776 0.847016754641568 0.1205100029161359 0.8043492745342671 0.6459836320751822
 -0.2595476822457505 0.6963993274936681 0.9220221003700213 1.837249259125488 1.237640624841303 1.472694974307867 1.547579082723163 1.110048524126949 1.592918905696491 1.436696553581316 2.633767618521724 1.885398485768548 1.478696746506535 1.13476177951932 0.9068777455340862 0.584293247677513 0.8683464088269436 -1.633882104996657 0.6150124184895778 0.8747119694201221 -0.1003001646559251 0.1876927851525857 -0.3794387732851155 -0.8654707395096793 -1.305796488695424 -0.98519972356598 -2.065722581474152 -1.991398195502168 -1.498708855054935 -1.481216838276803 -1.385462342815603 -1.822478188966706 -2.110209136566203 -1.322028984655967 -1.887256713436368 -1.558952553985369 -1.955293722910997 -1.248282199881717 -1.364254843818987 -1.289517314259643 -1.667190388092499 -1.731650845043531 -1.464353595462122 -1.836425714899742 -1.890088003498602 -1.376849862267623 -2.100822696411949 -1.3400282720393 -1.290879087931891 -2.172475648668478 -1.683066542846545
 0.4526161206436782 0.7198372031400467 0.2692807108802376 0.7464020471113527 0.751556066039972 0.2608484989410461 0.5661822107642022 0.6113595236476795 0.2638199732118464 0.3727221630503226 0.47060575486922 0.0530736859167106 0.5725044509904675 0.6196704107225834 0.1605822821757888 -0.1343167318568961 0.2816427068166706 0.5131526157099348 0.2170910996358451 0.1943433674939762 0.2439636022755844 0.09772559647386139 0.08468943636475848 0.0117618519598239 0.6430694053007046 0.06478932964877555 -0.4289075126153324 0.1464266489674168 0.3085263865486638 -0.5796458689325098 0.008625957459977593 0.235559856321561 -0.0861008969416566 0.1025586131977223 0.2158611668277089 -0.5101492655597996 -0.4034499544883321 0.330744499999673 0.265984843755697 -0.1911516389161107 -0.4260517199095796 0.1989266486007035 0.05157254425492949 -0.5457197745853688 0.1759530113147242 -0.4697094116332958 0.1709842517561512 -0.008762797939407133 0.1300129910928926 0.08056677078398904 -0.04891049884259013
 0.1968129323903562 0.7875758719936061 0.1438364355490696 0.5725637424858484 0.8850818551525728 0.5165253752858028 0.3430575951184519 0.7699830873065396 0.3428374060864202 0.901694051319302 0.3559976586441865 0.5596372259256684 0.4006418554001946 0.6122613945100973 0.0286288433625636 0.1373444394001622 -0.03172009953158909 0.7880959936426887 0.1523122130555399 0.4686323808871657 0.1205151277554421 0.571742859818391 0.02646942274694684 0.2994537629309549 0.8328713265330843 0.4772032242204589 -0.3763710964232939 0.3072188166696253 0.1360692380835642 0.2884325411050997 0.2154806953264505 -0.514432102558391 -0.3073085392371408 0.2621008612477248 -0.1654357801583394 -0.283798440585212 -0.2317187921602525 0.3242007304738817 0.3759637256472925 -0.3529014874397154 0.287334657165911 0.0812233639668862 0.139270221753543 0.2411069742591836 -0.2167072960545948 0.3846765623583756 0.1849409714289711 0.2950128624107689 0.2327287068052428 -0.2502248575877924 -0.07752241002409863
 -0.3570574395854021 1.284613893771855 1.07478602214689 0.8666344061080595 1.055476002158701 0.1708253910806621 0.07339761092656698 0.1834727122455654 -0.1051019415535573 0.5982532414157322 0.3336226675661993 0.1649260865986914 0.7588991246875417 0.3063996721814676 0.07573473246117499 0.3234707508405417 0.1640297838724697 -0.170983448131972 0.6478630003396657 0.4474046785385288 0.7348702916400104 -0.05849607597161752 -0.0009677052481016763 0.571067453076039 0.4467522355400099 0.266818090420046 -0.1880994470597425 0.3568773330482463 -0.3245406678456886 -0.369184055176188 -0.5445028761768943 -0.4708786824582655 -0.7226446738322321 -0.128540996645032 -0.6423131655133607 -0.4107073613178701 -0.6245426390278517 -0.04267277498786954 -0.1280677995926242 -0.6382556215638414 -0.1256038472830257 -0.2655727769708031 -0.5880231194351261 -0.07542920504455525 -0.5729034060525432 -0.1345656248412246 -0.4903946876923776 0.03025677658961053 -0.5521027413637246 -0.6570946444071448 0.1857328936774885
