# Created by Octave 4.2.2, Mon Jun 24 16:48:07 2019 IST <trent@trent>
# name: Theta2
# type: matrix
# rows: 2
# columns: 17
 0.4522891656262598 -5.176667128970436 -4.003058760375127 4.653631599130403 -1.753988244111656 7.526079186175179 -0.2076402891289256 -0.5953143467844975 2.973356715293429 -2.081315358313571 -0.7777228223656719 3.341211687866703 -3.855837142762108 4.225806275635247 1.930098126921154 3.812848216988867 -5.880390143069681
 -0.748717489075144 5.340130125760997 3.578208534997987 -4.648016016921884 1.408835240579718 -7.597426627832228 -0.3118615305030429 0.8226536761894294 -2.619354531089815 2.034233302589864 0.6118038636829138 -3.067899391440732 4.196150784637315 -3.810830769582156 -1.77935821002887 -3.838017022297614 6.021970575613937


